{
  "advancedEditorSelectedIdentifier" : "ProjectBrowser",
  "openSceneRelativePaths" : [
    "Immersive.usda"
  ],
  "recentIdentifiers" : {
    "0EC4F9FC-29F7-4609-AA0E-4611B71042EE" : [

    ],
    "6E5ACD44-DFC5-48E3-ABD4-3CC64BA6CF03" : [

    ],
    "7CE4E231-4A50-4F87-ACB5-B52A811C88DB" : [

    ],
    "8FA4CCE9-704D-4BC7-B024-A9580922A79E" : [

    ],
    "9D13F8F3-3B44-422C-B17A-579B4B65C42F" : [

    ],
    "9D53D191-9AD1-416A-863C-40306D82899B" : [

    ],
    "10F31C78-FDF9-4D11-8247-1ACF930370B5" : [

    ],
    "48CF8DFD-47AF-40C2-9453-F769F5C23D80" : [

    ],
    "55A9C680-7AB5-43FC-81D7-4F9F44EE4A22" : [

    ],
    "73A5323A-66A9-499A-8308-21AB7D81C22B" : [

    ],
    "935F1794-89CE-45D9-B282-5943F9B147AA" : [

    ],
    "5785E6A8-425A-48F5-92E6-492E8EB2190F" : [

    ],
    "3914229A-598A-4927-B2C0-E0A5D61C34FA" : [

    ],
    "AF09ED6F-1707-48FD-8720-65B998362C09" : [

    ],
    "D66134B1-3681-4A8E-AFE5-29F257229F3B" : [

    ],
    "FBC894E1-9DAA-42D0-A74C-60B9AEF6964A" : [

    ]
  },
  "sceneCameraHistory" : {
    "0EC4F9FC-29F7-4609-AA0E-4611B71042EE" : [
      {
        "date" : 728504794.67375,
        "title" : "Untitled",
        "transform" : [
          0.99999994,
          0,
          -0,
          0,
          -0,
          0.8660254,
          -0.49999988,
          0,
          0,
          0.49999988,
          0.8660254,
          0,
          0,
          0.22176334,
          0.3841054,
          1
        ]
      }
    ],
    "0EEA9D76-F47C-46D0-9392-135D5D532D71" : [
      {
        "date" : 729186448.121387,
        "title" : "Untitled",
        "transform" : [
          0.99999994,
          0,
          0,
          0,
          0,
          0.8660254,
          -0.49999994,
          0,
          0,
          0.49999994,
          0.8660254,
          0,
          0.03703645,
          0.31523913,
          0.36061972,
          1
        ]
      },
      {
        "date" : 729186422.837862,
        "title" : "Untitled",
        "transform" : [
          0.99999994,
          0,
          0,
          0,
          0,
          0.8660254,
          -0.49999994,
          0,
          0,
          0.49999994,
          0.8660254,
          0,
          0.021251207,
          0.039419144,
          0.51986456,
          1
        ]
      },
      {
        "date" : 728503963.535657,
        "title" : "Untitled",
        "transform" : [
          0.99999994,
          0,
          -0,
          0,
          -0,
          0.8660254,
          -0.49999994,
          0,
          0,
          0.49999994,
          0.8660254,
          0,
          0,
          0.23496273,
          0.40696746,
          1
        ]
      }
    ],
    "1BF4E91E-4CCD-4F95-B0A1-007B79D11133" : [
      {
        "date" : 740430528.28142,
        "title" : "Untitled",
        "transform" : [
          1,
          0,
          -0,
          0,
          -0,
          0.86786747,
          -0.49679577,
          0,
          0,
          0.49679577,
          0.86786747,
          0,
          0.00087452674,
          0.7266775,
          0.9865747,
          1
        ]
      }
    ],
    "1E4CA6A6-6E49-4CD3-BC38-867ECACB613F" : [
      {
        "date" : 738952674.425645,
        "title" : "Untitled",
        "transform" : [
          0.99999994,
          0,
          -0,
          0,
          -0,
          0.8660255,
          -0.49999988,
          0,
          0,
          0.49999988,
          0.8660255,
          0,
          0,
          0.26323542,
          0.45593718,
          1
        ]
      }
    ],
    "2CD76F50-13E7-4187-B083-C55B709F1250" : [
      {
        "date" : 730477870.966616,
        "title" : "Untitled",
        "transform" : [
          0.99146974,
          6.343291e-10,
          -0.13033722,
          0,
          -0.08207069,
          0.7768549,
          -0.6243083,
          0,
          0.1012531,
          0.6296796,
          0.7702281,
          0,
          0.12339945,
          0.32558072,
          0.58789027,
          1
        ]
      },
      {
        "date" : 730477867.64716,
        "title" : "Untitled",
        "transform" : [
          0.99146974,
          6.343291e-10,
          -0.13033722,
          0,
          -0.08207069,
          0.7768549,
          -0.6243083,
          0,
          0.1012531,
          0.6296796,
          0.7702281,
          0,
          0.27080685,
          1.6241498,
          2.0472138,
          1
        ]
      },
      {
        "date" : 730476772.665937,
        "title" : "Untitled",
        "transform" : [
          0.99712795,
          6.343291e-10,
          -0.07573538,
          0,
          -0.047689028,
          0.7768549,
          -0.62787116,
          0,
          0.0588354,
          0.6296796,
          0.7746237,
          0,
          0.15731664,
          1.6241498,
          2.0550778,
          1
        ]
      },
      {
        "date" : 730476770.55895,
        "title" : "Untitled",
        "transform" : [
          0.98764753,
          6.4304695e-10,
          -0.156692,
          0,
          -0.09812123,
          0.779659,
          -0.6184693,
          0,
          0.12216632,
          0.6262045,
          0.77002823,
          0,
          0.32686242,
          1.6148503,
          2.0434222,
          1
        ]
      },
      {
        "date" : 730476340.476829,
        "title" : "Untitled",
        "transform" : [
          0.99761957,
          2.2407387e-09,
          -0.06895788,
          0,
          -0.014701986,
          0.97700804,
          -0.21269487,
          0,
          0.067372404,
          0.2132024,
          0.9746824,
          0,
          0.5782157,
          0.28465888,
          5.909864,
          1
        ]
      },
      {
        "date" : 730476338.942712,
        "title" : "Untitled",
        "transform" : [
          0.99825674,
          -5.36691e-10,
          -0.05902052,
          0,
          -0.023788448,
          0.9151762,
          -0.40235123,
          0,
          0.05401418,
          0.40305385,
          0.9135809,
          0,
          0.5027826,
          1.4513057,
          5.6391945,
          1
        ]
      },
      {
        "date" : 730476335.912614,
        "title" : "Untitled",
        "transform" : [
          0.9920273,
          -0.0001469406,
          -0.12602323,
          0,
          -0.12523223,
          0.11072091,
          -0.98592985,
          0,
          0.01409828,
          0.9938515,
          0.10981976,
          0,
          0.35905555,
          3.5786417,
          2.7450266,
          1
        ]
      },
      {
        "date" : 730476227.015546,
        "title" : "Untitled",
        "transform" : [
          0.9920273,
          -0.0001469406,
          -0.12602323,
          0,
          -0.12523223,
          0.11072091,
          -0.98592985,
          0,
          0.01409828,
          0.9938515,
          0.10981976,
          0,
          -0.09295389,
          3.901546,
          -0.11918378,
          1
        ]
      },
      {
        "date" : 730476222.252307,
        "title" : "Untitled",
        "transform" : [
          0.9920273,
          -0.0001469406,
          -0.12602323,
          0,
          -0.12523223,
          0.11072091,
          -0.98592985,
          0,
          0.01409828,
          0.9938515,
          0.10981976,
          0,
          0.060259305,
          4.1084595,
          -2.0113869,
          1
        ]
      },
      {
        "date" : 730476218.62626,
        "title" : "Untitled",
        "transform" : [
          0.99644524,
          -2.516817e-09,
          -0.084242284,
          0,
          -0.045449197,
          0.841982,
          -0.53758794,
          0,
          0.0709305,
          0.53950566,
          0.8389889,
          0,
          0.29519707,
          2.2302513,
          1.0029113,
          1
        ]
      }
    ],
    "2CE88B3C-7D78-4E28-A3C3-7018F7627914" : [
      {
        "date" : 730478379.852546,
        "title" : "Untitled",
        "transform" : [
          1,
          0,
          -0,
          0,
          -0,
          0.877149,
          -0.4802183,
          0,
          0,
          0.4802183,
          0.877149,
          0,
          0.006058589,
          0.6758358,
          0.82625633,
          1
        ]
      }
    ],
    "2FCFF5E0-4A3B-48EE-AC30-13542011FFC9" : [
      {
        "date" : 740430597.597124,
        "title" : "Untitled",
        "transform" : [
          1,
          0,
          -0,
          0,
          -0,
          0.8754399,
          -0.4833269,
          0,
          0,
          0.4833269,
          0.8754399,
          0,
          -0.010240964,
          0.6893164,
          1.0396656,
          1
        ]
      }
    ],
    "4A7D982A-791E-4167-8A2A-421355242321" : [
      {
        "date" : 728319544.292262,
        "title" : "Untitled",
        "transform" : [
          1,
          0,
          -0,
          0,
          -0,
          0.8675221,
          -0.49739867,
          0,
          0,
          0.49739867,
          0.8675221,
          0,
          0.0013920066,
          2.363494,
          3.2945724,
          1
        ]
      }
    ],
    "4DE3C74B-CDDC-41A9-ACF0-0B30B74601B3" : [
      {
        "date" : 730476706.817082,
        "title" : "Untitled",
        "transform" : [
          0.9752478,
          4.0261448e-08,
          -0.22111471,
          0,
          0.0037856188,
          0.9998534,
          0.016697068,
          0,
          0.22108229,
          -0.017120859,
          0.9751048,
          0,
          0.15037322,
          0.44640085,
          0.77982885,
          1
        ]
      },
      {
        "date" : 730476629.626572,
        "title" : "Untitled",
        "transform" : [
          0.83466613,
          3.112365e-08,
          -0.5507563,
          0,
          -0.52897155,
          0.27846706,
          -0.80165154,
          0,
          0.15336747,
          0.96044576,
          0.23242706,
          0,
          -0.0345809,
          1.0352854,
          -0.0055977944,
          1
        ]
      },
      {
        "date" : 730476624.343127,
        "title" : "Untitled",
        "transform" : [
          0.9999999,
          3.112365e-08,
          0.0004091394,
          0,
          0.00039294755,
          0.27846706,
          -0.96044564,
          0,
          -0.00011396176,
          0.96044576,
          0.27846706,
          0,
          -0.1712877,
          5.7159824,
          -0.15771341,
          1
        ]
      },
      {
        "date" : 730476619.461215,
        "title" : "Untitled",
        "transform" : [
          0.9999502,
          -2.517965e-11,
          -0.009986411,
          0,
          -0.0007841158,
          0.99691266,
          -0.078514375,
          0,
          0.009955579,
          0.078518294,
          0.996863,
          0,
          0.026183374,
          0.581126,
          0.35674363,
          1
        ]
      },
      {
        "date" : 730476606.506335,
        "title" : "Untitled",
        "transform" : [
          0.9999502,
          -2.517965e-11,
          -0.009986411,
          0,
          -0.0007841158,
          0.99691266,
          -0.078514375,
          0,
          0.009955579,
          0.078518294,
          0.996863,
          0,
          0.01823481,
          0.01080902,
          0.40174425,
          1
        ]
      },
      {
        "date" : 730476599.957252,
        "title" : "Untitled",
        "transform" : [
          0.99998754,
          1.797327e-11,
          0.004999979,
          0,
          0.0012059789,
          0.9704762,
          -0.24119379,
          0,
          -0.0048523606,
          0.2411968,
          0.97046405,
          0,
          0.0122462865,
          0.07667479,
          0.394739,
          1
        ]
      },
      {
        "date" : 730476589.13105,
        "title" : "Untitled",
        "transform" : [
          0.99999994,
          0,
          -0,
          0,
          -0,
          0.8660254,
          -0.49999994,
          0,
          0,
          0.49999994,
          0.8660254,
          0,
          0,
          0.20075719,
          0.3477217,
          1
        ]
      }
    ],
    "5B758573-A88D-4107-9510-A06C3659CFF1" : [
      {
        "date" : 728319429.672398,
        "title" : "Untitled",
        "transform" : [
          1,
          0,
          -0,
          0,
          -0,
          0.8675221,
          -0.49739867,
          0,
          0,
          0.49739867,
          0.8675221,
          0,
          0.0013920066,
          2.363494,
          3.2945724,
          1
        ]
      }
    ],
    "6E5ACD44-DFC5-48E3-ABD4-3CC64BA6CF03" : [
      {
        "date" : 740430592.481457,
        "title" : "Untitled",
        "transform" : [
          1,
          0,
          -0,
          0,
          -0,
          0.869105,
          -0.4946277,
          0,
          0,
          0.4946277,
          0.869105,
          0,
          0.0012531576,
          0.6864442,
          0.9457171,
          1
        ]
      }
    ],
    "7C37FBAA-01AD-419C-920F-2E364F064092" : [
      {
        "date" : 734121898.264055,
        "title" : "Untitled",
        "transform" : [
          0.10018295,
          -4.238129e-08,
          -0.99496907,
          0,
          -0.0962708,
          0.995308,
          -0.009693502,
          0,
          0.9903006,
          0.09675758,
          0.099712886,
          0,
          0.93156195,
          0.21018144,
          0.42700237,
          1
        ]
      },
      {
        "date" : 734121896.036361,
        "title" : "Untitled",
        "transform" : [
          -0.030257178,
          -1.09995124e-10,
          -0.9995421,
          0,
          -0.09675719,
          0.9953037,
          0.0029289406,
          0,
          0.994848,
          0.09680151,
          -0.030115083,
          0,
          0.93156195,
          0.21018144,
          0.42700237,
          1
        ]
      },
      {
        "date" : 734121892.82997,
        "title" : "Untitled",
        "transform" : [
          -0.03025718,
          1.1256554e-10,
          -0.9995422,
          0,
          -0.09178177,
          0.99577534,
          0.0027783297,
          0,
          0.9953194,
          0.09182382,
          -0.030129353,
          0,
          0.903095,
          0.46341345,
          0.30058908,
          1
        ]
      },
      {
        "date" : 734121883.987133,
        "title" : "Untitled",
        "transform" : [
          0.99995595,
          2.100764e-11,
          -0.00938369,
          0,
          0.0016347426,
          0.9847083,
          0.1742034,
          0,
          0.009240198,
          -0.17421107,
          0.984665,
          0,
          0.107167095,
          0.34286463,
          1.0847688,
          1
        ]
      },
      {
        "date" : 734121878.721054,
        "title" : "Untitled",
        "transform" : [
          0.9987802,
          -2.1634308e-10,
          -0.049376734,
          0,
          0.0034600417,
          0.9975418,
          0.069988854,
          0,
          0.049255352,
          -0.07007433,
          0.99632496,
          0,
          0.054631524,
          0.15873171,
          1.0671546,
          1
        ]
      },
      {
        "date" : 734120341.970915,
        "title" : "Untitled",
        "transform" : [
          0.9987802,
          -2.1634308e-10,
          -0.049376734,
          0,
          0.0034600417,
          0.9975418,
          0.069988854,
          0,
          0.049255352,
          -0.07007433,
          0.99632496,
          0,
          0.06557484,
          0.48140627,
          1.6958729,
          1
        ]
      },
      {
        "date" : 734120334.022457,
        "title" : "Untitled",
        "transform" : [
          0.9987802,
          -2.1634308e-10,
          -0.049376734,
          0,
          0.0034600417,
          0.9975418,
          0.069988854,
          0,
          0.049255352,
          -0.07007433,
          0.99632496,
          0,
          0.0866468,
          0.45142782,
          2.1221116,
          1
        ]
      },
      {
        "date" : 734120329.0069,
        "title" : "Untitled",
        "transform" : [
          0.9987802,
          -2.1634308e-10,
          -0.049376734,
          0,
          0.0034600417,
          0.9975418,
          0.069988854,
          0,
          0.049255352,
          -0.07007433,
          0.99632496,
          0,
          0.053734303,
          0.28736955,
          0.94113904,
          1
        ]
      },
      {
        "date" : 734120316.00602,
        "title" : "Untitled",
        "transform" : [
          0.9997705,
          -5.792526e-05,
          -0.021424845,
          0,
          0.0018586542,
          0.9964608,
          0.084038354,
          0,
          0.021344151,
          -0.0840589,
          0.9962322,
          0,
          0.07690327,
          0.105120584,
          0.9271756,
          1
        ]
      },
      {
        "date" : 734120314.404357,
        "title" : "Untitled",
        "transform" : [
          0.9997705,
          -5.792526e-05,
          -0.021424845,
          0,
          0.0018586542,
          0.9964608,
          0.084038354,
          0,
          0.021344151,
          -0.0840589,
          0.9962322,
          0,
          0.059120297,
          0.16855983,
          0.93290937,
          1
        ]
      }
    ],
    "7CE4E231-4A50-4F87-ACB5-B52A811C88DB" : [
      {
        "date" : 728322264.525261,
        "title" : "Untitled",
        "transform" : [
          0.99999994,
          0,
          0,
          0,
          0,
          0.8660286,
          -0.49999437,
          0,
          0,
          0.49999437,
          0.8660286,
          0,
          0,
          1.077201,
          -0.39872885,
          1
        ]
      },
      {
        "date" : 728322261.943792,
        "title" : "Untitled",
        "transform" : [
          0.99999994,
          0,
          -0,
          0,
          -0,
          0.8660286,
          -0.49999437,
          0,
          0,
          0.49999437,
          0.8660286,
          0,
          0,
          0.38684464,
          -1.1045113,
          1
        ]
      },
      {
        "date" : 728322166.926114,
        "title" : "Untitled",
        "transform" : [
          1,
          0,
          -0,
          0,
          -0,
          0.8660286,
          -0.49999443,
          0,
          0,
          0.49999443,
          0.8660286,
          0,
          3.9918365,
          8.587431,
          11.222568,
          1
        ]
      },
      {
        "date" : 728322159.42232,
        "title" : "Untitled",
        "transform" : [
          0.99999994,
          0,
          -0,
          0,
          -0,
          0.8660254,
          -0.49999994,
          0,
          0,
          0.49999994,
          0.8660254,
          0,
          0,
          0.14163566,
          0.24532017,
          1
        ]
      }
    ],
    "7D5365B7-BDC7-4C3C-A2BE-F4119B236A9D" : [
      {
        "date" : 730478594.926514,
        "title" : "Untitled",
        "transform" : [
          0.99994737,
          2.4185322e-08,
          0.010257084,
          0,
          0.009624879,
          0.34564653,
          -0.93831545,
          0,
          -0.003545348,
          0.93836474,
          0.34562832,
          0,
          -0.026471665,
          4.528547,
          -0.31143013,
          1
        ]
      },
      {
        "date" : 730478591.855384,
        "title" : "Untitled",
        "transform" : [
          0.9999475,
          3.429248e-06,
          0.010246354,
          0,
          0.009823583,
          0.2839659,
          -0.95878404,
          0,
          -0.0029129027,
          0.95883435,
          0.28395092,
          0,
          -0.023459136,
          4.508382,
          -0.6052184,
          1
        ]
      },
      {
        "date" : 730478586.289067,
        "title" : "Untitled",
        "transform" : [
          0.99999994,
          0,
          0,
          0,
          0,
          0.86639,
          -0.49936783,
          0,
          0,
          0.49936783,
          0.86639,
          0,
          0.3029127,
          2.5839684,
          0.7030752,
          1
        ]
      },
      {
        "date" : 730478580.189029,
        "title" : "Untitled",
        "transform" : [
          0.99999994,
          0,
          0,
          0,
          0,
          0.86639,
          -0.49936783,
          0,
          0,
          0.49936783,
          0.86639,
          0,
          0.099919125,
          0.7189977,
          1.7780023,
          1
        ]
      },
      {
        "date" : 730478405.396517,
        "title" : "Untitled",
        "transform" : [
          0.99999994,
          0,
          -0,
          0,
          -0,
          0.86639,
          -0.49936783,
          0,
          0,
          0.49936783,
          0.86639,
          0,
          0.0026514228,
          1.1989799,
          1.5013514,
          1
        ]
      }
    ],
    "8A031C70-C8C8-4CB5-AEFD-D6E09CD156A7" : [
      {
        "date" : 728320741.254145,
        "title" : "Untitled",
        "transform" : [
          1,
          0,
          -0,
          0,
          -0,
          0.8773435,
          -0.47986308,
          0,
          0,
          0.47986308,
          0.8773435,
          0,
          0.018385822,
          0.40461454,
          0.6461912,
          1
        ]
      }
    ],
    "8FA4CCE9-704D-4BC7-B024-A9580922A79E" : [
      {
        "date" : 730477441.833317,
        "title" : "Untitled",
        "transform" : [
          0.9030695,
          -7.7262696e-11,
          -0.42949447,
          0,
          -0.051797252,
          0.9927011,
          -0.10891065,
          0,
          0.42635965,
          0.12060052,
          0.8964781,
          0,
          1.1484222,
          1.3303428,
          1.7498665,
          1
        ]
      },
      {
        "date" : 730477438.33371,
        "title" : "Untitled",
        "transform" : [
          0.9030695,
          -7.7262696e-11,
          -0.42949447,
          0,
          -0.051797252,
          0.9927011,
          -0.10891065,
          0,
          0.42635965,
          0.12060052,
          0.8964781,
          0,
          2.2099466,
          2.074699,
          1.1448746,
          1
        ]
      },
      {
        "date" : 730477429.600587,
        "title" : "Untitled",
        "transform" : [
          0.9030695,
          -7.7262696e-11,
          -0.42949447,
          0,
          -0.051797252,
          0.9927011,
          -0.10891065,
          0,
          0.42635965,
          0.12060052,
          0.8964781,
          0,
          1.0875626,
          2.6743922,
          1.5979996,
          1
        ]
      },
      {
        "date" : 730477423.09977,
        "title" : "Untitled",
        "transform" : [
          0.9030695,
          -7.7262696e-11,
          -0.42949447,
          0,
          -0.051797252,
          0.9927011,
          -0.10891065,
          0,
          0.42635965,
          0.12060052,
          0.8964781,
          0,
          0.83646387,
          1.8539977,
          1.8277867,
          1
        ]
      },
      {
        "date" : 730477415.600133,
        "title" : "Untitled",
        "transform" : [
          0.9030695,
          -7.7262696e-11,
          -0.42949447,
          0,
          -0.051797252,
          0.9927011,
          -0.10891065,
          0,
          0.42635965,
          0.12060052,
          0.8964781,
          0,
          0.9618536,
          0.47858077,
          1.9531828,
          1
        ]
      },
      {
        "date" : 730477413.583505,
        "title" : "Untitled",
        "transform" : [
          0.9030695,
          -7.7262696e-11,
          -0.42949447,
          0,
          -0.051797252,
          0.9927011,
          -0.10891065,
          0,
          0.42635965,
          0.12060052,
          0.8964781,
          0,
          1.0074666,
          -0.047359705,
          2.0022426,
          1
        ]
      },
      {
        "date" : 730477407.082611,
        "title" : "Untitled",
        "transform" : [
          0.9030695,
          -7.7262696e-11,
          -0.42949447,
          0,
          -0.051797252,
          0.9927011,
          -0.10891065,
          0,
          0.42635965,
          0.12060052,
          0.8964781,
          0,
          1.2703958,
          1.2974458,
          1.6962824,
          1
        ]
      },
      {
        "date" : 730476285.293558,
        "title" : "Untitled",
        "transform" : [
          0.9996614,
          -7.7262696e-11,
          -0.026022226,
          0,
          -0.0031382935,
          0.9927011,
          -0.12055968,
          0,
          0.025832292,
          0.12060052,
          0.992365,
          0,
          0.3345138,
          1.2006853,
          8.186399,
          1
        ]
      },
      {
        "date" : 730476281.860137,
        "title" : "Untitled",
        "transform" : [
          0.99908465,
          -5.3083637e-05,
          -0.042776294,
          0,
          -0.041997254,
          0.18876624,
          -0.9811236,
          0,
          0.008126802,
          0.98202205,
          0.18859123,
          0,
          0.17920282,
          8.167107,
          1.3553679,
          1
        ]
      },
      {
        "date" : 730476273.302717,
        "title" : "Untitled",
        "transform" : [
          0.99908465,
          -5.3083637e-05,
          -0.042776294,
          0,
          -0.041997254,
          0.18876624,
          -0.9811236,
          0,
          0.008126802,
          0.98202205,
          0.18859123,
          0,
          0.11927393,
          8.542888,
          -0.5987942,
          1
        ]
      }
    ],
    "9D13F8F3-3B44-422C-B17A-579B4B65C42F" : [
      {
        "date" : 728322419.598537,
        "title" : "Untitled",
        "transform" : [
          0.99999994,
          0,
          0,
          0,
          0,
          0.8660286,
          -0.49999437,
          0,
          0,
          0.49999437,
          0.8660286,
          0,
          -7.29764e-07,
          1.0541259,
          -0.54215425,
          1
        ]
      },
      {
        "date" : 728322416.96782,
        "title" : "Untitled",
        "transform" : [
          0.99999994,
          0,
          -0,
          0,
          -0,
          0.8660286,
          -0.49999437,
          0,
          0,
          0.49999437,
          0.8660286,
          0,
          -4.7683716e-07,
          0.68877935,
          -0.8741312,
          1
        ]
      },
      {
        "date" : 728320733.840286,
        "title" : "Untitled",
        "transform" : [
          1,
          0,
          -0,
          0,
          -0,
          0.8660286,
          -0.49999443,
          0,
          0,
          0.49999443,
          0.8660286,
          0,
          3.9918365,
          8.587431,
          11.222568,
          1
        ]
      },
      {
        "date" : 728320728.75992,
        "title" : "Untitled",
        "transform" : [
          0.99999994,
          0,
          -0,
          0,
          -0,
          0.8660254,
          -0.49999994,
          0,
          0,
          0.49999994,
          0.8660254,
          0,
          0,
          0.14163566,
          0.24532017,
          1
        ]
      }
    ],
    "9D53D191-9AD1-416A-863C-40306D82899B" : [
      {
        "date" : 728321355.873988,
        "title" : "Untitled",
        "transform" : [
          0.9999775,
          0,
          0.006698558,
          0,
          0.0033492418,
          0.8660286,
          -0.4999832,
          0,
          -0.005801143,
          0.49999443,
          0.8660091,
          0,
          0.092697635,
          1.6261199,
          1.05415,
          1
        ]
      },
      {
        "date" : 728321351.734096,
        "title" : "Untitled",
        "transform" : [
          0.9999775,
          0,
          0.006698558,
          0,
          0.0033492418,
          0.8660286,
          -0.4999832,
          0,
          -0.005801143,
          0.49999443,
          0.8660091,
          0,
          -0.14891422,
          2.5901732,
          0.4959314,
          1
        ]
      },
      {
        "date" : 728321067.321102,
        "title" : "Untitled",
        "transform" : [
          0.9999775,
          0,
          0.006698558,
          0,
          0.0033492418,
          0.8660286,
          -0.4999832,
          0,
          -0.005801143,
          0.49999443,
          0.8660091,
          0,
          3.4139848,
          2.515477,
          0.56292343,
          1
        ]
      },
      {
        "date" : 728321062.331737,
        "title" : "Untitled",
        "transform" : [
          0.9999775,
          0,
          0.006698558,
          0,
          0.0033492418,
          0.8660286,
          -0.4999832,
          0,
          -0.005801143,
          0.49999443,
          0.8660091,
          0,
          3.4622903,
          1.2838175,
          -1.6699786,
          1
        ]
      },
      {
        "date" : 728321046.473903,
        "title" : "Untitled",
        "transform" : [
          0.99999624,
          0,
          0.0027313197,
          0,
          0.0013656446,
          0.8660286,
          -0.49999255,
          0,
          -0.002365401,
          0.49999443,
          0.8660253,
          0,
          3.4793007,
          0.97683406,
          -2.226418,
          1
        ]
      },
      {
        "date" : 728320945.215496,
        "title" : "Untitled",
        "transform" : [
          0.99999624,
          0,
          0.0027313197,
          0,
          0.0013656446,
          0.8660286,
          -0.49999255,
          0,
          -0.002365401,
          0.49999443,
          0.8660253,
          0,
          3.8001118,
          3.7395828,
          2.681421,
          1
        ]
      },
      {
        "date" : 728320943.017871,
        "title" : "Untitled",
        "transform" : [
          0.99999624,
          0,
          0.0027313197,
          0,
          0.0013656446,
          0.8660286,
          -0.49999255,
          0,
          -0.002365401,
          0.49999443,
          0.8660253,
          0,
          3.9807034,
          2.3532526,
          0.42442966,
          1
        ]
      },
      {
        "date" : 728320908.036483,
        "title" : "Untitled",
        "transform" : [
          1,
          0,
          -0,
          0,
          -0,
          0.8660286,
          -0.49999443,
          0,
          0,
          0.49999443,
          0.8660286,
          0,
          3.9918365,
          8.587431,
          11.222568,
          1
        ]
      },
      {
        "date" : 728320904.327466,
        "title" : "Untitled",
        "transform" : [
          0.99999994,
          0,
          -0,
          0,
          -0,
          0.8660254,
          -0.49999994,
          0,
          0,
          0.49999994,
          0.8660254,
          0,
          0,
          0.14163566,
          0.24532017,
          1
        ]
      }
    ],
    "9E96DB38-8532-4DBE-A8F8-36AB5CA75806" : [
      {
        "date" : 734121923.719376,
        "title" : "Untitled",
        "transform" : [
          1,
          0,
          0,
          0,
          0,
          0.8687393,
          -0.49526957,
          0,
          0,
          0.49526957,
          0.8687393,
          0,
          -0.03156972,
          1.682661,
          3.7728472,
          1
        ]
      },
      {
        "date" : 734121871.433217,
        "title" : "Untitled",
        "transform" : [
          1,
          0,
          0,
          0,
          0,
          0.8687393,
          -0.49526957,
          0,
          0,
          0.49526957,
          0.8687393,
          0,
          0.14869997,
          4.031788,
          2.4336076,
          1
        ]
      },
      {
        "date" : 734121852.019745,
        "title" : "Untitled",
        "transform" : [
          1,
          0,
          0,
          0,
          0,
          0.8687393,
          -0.49526957,
          0,
          0,
          0.49526957,
          0.8687393,
          0,
          0.14869997,
          4.0317874,
          2.4336078,
          1
        ]
      },
      {
        "date" : 734121850.169633,
        "title" : "Untitled",
        "transform" : [
          1,
          0,
          0,
          0,
          0,
          0.8687393,
          -0.49526957,
          0,
          0,
          0.49526957,
          0.8687393,
          0,
          0.04025494,
          1.4697422,
          1.1340601,
          1
        ]
      },
      {
        "date" : 734121831.479626,
        "title" : "Untitled",
        "transform" : [
          1,
          0,
          -0,
          0,
          -0,
          0.8687393,
          -0.49526957,
          0,
          0,
          0.49526957,
          0.8687393,
          0,
          0.0008745343,
          0.53936857,
          0.6621463,
          1
        ]
      }
    ],
    "10F31C78-FDF9-4D11-8247-1ACF930370B5" : [
      {
        "date" : 728322153.329007,
        "title" : "Untitled",
        "transform" : [
          0.99999994,
          0,
          0,
          0,
          0,
          0.8660286,
          -0.4999943,
          0,
          0,
          0.4999943,
          0.8660286,
          0,
          2.3592452e-06,
          0.5539043,
          -0.6373249,
          1
        ]
      },
      {
        "date" : 728322143.594266,
        "title" : "Untitled",
        "transform" : [
          0.99999994,
          0,
          0,
          0,
          0,
          0.8660286,
          -0.4999943,
          0,
          0,
          0.4999943,
          0.8660286,
          0,
          2.0162337e-07,
          0.27114698,
          -1.426275,
          1
        ]
      },
      {
        "date" : 728322140.438022,
        "title" : "Untitled",
        "transform" : [
          0.99999994,
          0,
          -0,
          0,
          -0,
          0.8660286,
          -0.4999943,
          0,
          0,
          0.4999943,
          0.8660286,
          0,
          4.7683716e-07,
          0.30721378,
          -1.3256407,
          1
        ]
      },
      {
        "date" : 728321994.878381,
        "title" : "Untitled",
        "transform" : [
          0.99999994,
          0,
          0,
          0,
          0,
          0.8660286,
          -0.49999437,
          0,
          0,
          0.49999437,
          0.8660286,
          0,
          6.562483,
          6.358345,
          3.0902662,
          1
        ]
      },
      {
        "date" : 728321987.868039,
        "title" : "Untitled",
        "transform" : [
          0.99999994,
          0,
          -0,
          0,
          -0,
          0.8660286,
          -0.49999437,
          0,
          0,
          0.49999437,
          0.8660286,
          0,
          7.465714,
          0.5347719,
          -3.2589874,
          1
        ]
      },
      {
        "date" : 728321952.537876,
        "title" : "Untitled",
        "transform" : [
          1,
          0,
          -0,
          0,
          -0,
          0.8660286,
          -0.49999443,
          0,
          0,
          0.49999443,
          0.8660286,
          0,
          3.9918365,
          8.587431,
          11.222568,
          1
        ]
      },
      {
        "date" : 728321949.050068,
        "title" : "Untitled",
        "transform" : [
          0.99999994,
          0,
          -0,
          0,
          -0,
          0.8660254,
          -0.49999994,
          0,
          0,
          0.49999994,
          0.8660254,
          0,
          0,
          0.14163566,
          0.24532017,
          1
        ]
      }
    ],
    "018BCE51-A75B-470D-BFC2-3257406906D6" : [
      {
        "date" : 728319460.969714,
        "title" : "Untitled",
        "transform" : [
          1,
          0,
          -0,
          0,
          -0,
          0.8675221,
          -0.49739867,
          0,
          0,
          0.49739867,
          0.8675221,
          0,
          0.0013920066,
          2.363494,
          3.2945724,
          1
        ]
      }
    ],
    "19DE6E14-5E8E-426C-ACE3-F9C104673F9B" : [
      {
        "date" : 730476713.984787,
        "title" : "Untitled",
        "transform" : [
          0.92030185,
          -0.0003233583,
          -0.39120844,
          0,
          0.07968748,
          0.9791888,
          0.18665206,
          0,
          0.38300663,
          -0.2029507,
          0.90117526,
          0,
          0.0920715,
          0.21089765,
          0.95256615,
          1
        ]
      },
      {
        "date" : 730476573.957305,
        "title" : "Untitled",
        "transform" : [
          0.99824566,
          -0.00032338582,
          -0.0592065,
          0,
          -0.059159175,
          0.034898087,
          -0.9976383,
          0,
          0.0023888159,
          0.99939084,
          0.034817733,
          0,
          -0.31788266,
          1.0408862,
          -0.27253073,
          1
        ]
      },
      {
        "date" : 730476563.093047,
        "title" : "Untitled",
        "transform" : [
          0.9999473,
          -0.00032338582,
          -0.010256105,
          0,
          -0.010238573,
          0.03489797,
          -0.9993384,
          0,
          0.0006810892,
          0.99939084,
          0.03489282,
          0,
          0.011338107,
          1.0403482,
          -0.27858725,
          1
        ]
      },
      {
        "date" : 730476558.659287,
        "title" : "Untitled",
        "transform" : [
          0.99999994,
          0,
          0,
          0,
          0,
          0.8660254,
          -0.49999994,
          0,
          0,
          0.49999994,
          0.8660254,
          0,
          0.052027576,
          0.5287976,
          0.15832749,
          1
        ]
      },
      {
        "date" : 730476550.493289,
        "title" : "Untitled",
        "transform" : [
          0.99999994,
          0,
          0,
          0,
          0,
          0.8660254,
          -0.49999994,
          0,
          0,
          0.49999994,
          0.8660254,
          0,
          0.029533416,
          0.15055116,
          0.37670818,
          1
        ]
      },
      {
        "date" : 730476540.960538,
        "title" : "Untitled",
        "transform" : [
          0.99999994,
          0,
          -0,
          0,
          -0,
          0.8660254,
          -0.49999994,
          0,
          0,
          0.49999994,
          0.8660254,
          0,
          0,
          0.20075719,
          0.3477217,
          1
        ]
      }
    ],
    "19EBCC64-BA34-4425-B740-61BCD1139DF7" : [
      {
        "date" : 730478634.880682,
        "title" : "Untitled",
        "transform" : [
          1,
          0,
          -0,
          0,
          -0,
          0.87347746,
          -0.4868645,
          0,
          0,
          0.4868645,
          0.87347746,
          0,
          0.006058588,
          0.91705334,
          1.2440569,
          1
        ]
      }
    ],
    "20C17E62-A7ED-4A3B-B64B-A2AD645DEAFB" : [
      {
        "date" : 728319416.482921,
        "title" : "Untitled",
        "transform" : [
          1,
          0,
          -0,
          0,
          -0,
