{
  "advancedEditorSelectedIdentifier" : "ProjectBrowser",
  "openSceneRelativePaths" : [
    "Scene.usda"
  ],
  "recentIdentifiers" : {
    "594EE274-51D3-4BB1-8F74-D169A01A318A" : [

    ]
  },
  "sceneCameraHistory" : {
    "594EE274-51D3-4BB1-8F74-D169A01A318A" : [
      {
        "date" : 728175037.982121,
        "title" : "Untitled",
        "transform" : [
          0.99934137,
          2.1701674e-09,
          0.036288314,
          0,
          0.010720518,
          0.9553656,
          -0.2952316,
          0,
          -0.03466861,
          0.29542616,
          0.9547363,
          0,
          5.17042,
          0.12941206,
          0.90428317,
          1
        ]
      },
      {
        "date" : 728175036.420893,
        "title" : "Untitled",
        "transform" : [
          0.99934137,
          2.1701674e-09,
          0.036288314,
          0,
          0.010720518,
          0.9553656,
          -0.2952316,
          0,
          -0.03466861,
          0.29542616,
          0.9547363,
          0,
          5.2577796,
          0.05545765,
          0.9303393,
          1
        ]
      },
      {
        "date" : 728175029.218541,
        "title" : "Untitled",
        "transform" : [
          0.99934137,
          2.1701674e-09,
          0.036288314,
          0,
          0.0107205175,
          0.9553655,
          -0.29523158,
          0,
          -0.03466861,
          0.29542616,
          0.9547363,
          0,
          5.0460353,
          0.54322875,
          0.771718,
          1
        ]
      },
      {
        "date" : 728175024.547499,
        "title" : "Untitled",
        "transform" : [
          0.99758685,
          2.171803e-09,
          -0.06943003,
          0,
          -0.02087628,
          0.95372474,
          -0.29995522,
          0,
          0.06621714,
          0.30068082,
          0.9514233,
          0,
          5.137719,
          0.54801285,
          0.7586107,
          1
        ]
      },
      {
        "date" : 728175005.037166,
        "title" : "Untitled",
        "transform" : [
          0.99758685,
          2.171803e-09,
          -0.06943003,
          0,
          -0.02087628,
          0.95372474,
          -0.29995522,
          0,
          0.06621714,
          0.30068082,
          0.9514233,
          0,
          5.0464373,
          0.12775208,
          0.8977799,
          1
        ]
      },
      {
        "date" : 728175002.750288,
        "title" : "Untitled",
        "transform" : [
          0.9979215,
          -4.4025278e-10,
          -0.06444127,
          0,
          -0.018760705,
          0.9566838,
          -0.29052365,
          0,
          0.061649922,
          0.29112875,
          0.9546954,
          0,
          5.0420284,
          0.11875749,
          0.8992307,
          1
        ]
      },
      {
        "date" : 728175000.124306,
        "title" : "Untitled",
        "transform" : [
          0.9990115,
          -1.7750912e-10,
          -0.0444539,
          0,
          -0.009284538,
          0.9779461,
          -0.20865123,
          0,
          0.043473512,
          0.2088577,
          0.9769793,
          0,
          5.0243373,
          0.04191385,
          0.9067174,
          1
        ]
      },
      {
        "date" : 728174993.59656,
        "title" : "Untitled",
        "transform" : [
          1,
          0,
          0,
          0,
          0,
          0.7071069,
          -0.70710677,
          0,
          0,
          0.70710677,
          0.7071069,
          0,
          5.0156093,
          0.14190269,
          0.8525595,
          1
        ]
      },
      {
        "date" : 728174989.971153,
        "title" : "Untitled",
        "transform" : [
          1,
          0,
          0,
          0,
          0,
          0.7071069,
          -0.70710677,
          0,
          0,
          0.70710677,
          0.7071069,
          0,
          4.752703,
          0.5519841,
          0.44247812,
          1
        ]
      },
      {
        "date" : 728174986.092368,
        "title" : "Untitled",
        "transform" : [
          1,
          0,
          0,
          0,
          0,
          0.7071069,
          -0.70710677,
          0,
          0,
          0.70710677,
          0.7071069,
          0,
          4.1591115,
          2.1105433,
          1.5470384,
          1
        ]
      }
    ]
  },
  "selectedSceneRelativePath" : "Scene.usda"
}